{"doc":{"expected_points":5,"fault_class":"aborted_plan","plan_name":"_scan_plan","plan_type":"generator","proprio_operation_id":"procedural-aborted_plan","purpose":"proprio-procedural-validation","scan_id":1,"time":1783629278.59196,"uid":"a883539b-72e5-4a39-94f7-1f639ddd1a3a","versions":{"bluesky":"1.15.1","event_model":"1.24.0","ophyd":"1.11.2"}},"name":"start"}
{"doc":{"configuration":{"goniometer":{"data":{"goniometer_acceleration":1,"goniometer_velocity":1},"data_keys":{"goniometer_acceleration":{"dtype":"integer","shape":[],"source":"SIM:goniometer_acceleration"},"goniometer_velocity":{"dtype":"integer","shape":[],"source":"SIM:goniometer_velocity"}},"timestamps":{"goniometer_acceleration":1783629278.591485,"goniometer_velocity":1783629278.5914822}},"xrd_detector":{"data":{"xrd_detector":[[10.0,10.0,10.0,10.0,10.0,10.0,10.0,10.0,10.0,10.0,10.0,10.0,10.0,10.0,10.0,10.0,10.0,10.0,10.0,10.0,10.0,10.0,10.0,10.0,10.0,10.0,10.0,10.0,10.0,10.0,10.0,10.0],[10.0,10.0,10.0,10.0,10.0,10.0,10.0,10.0,10.0,10.0,10.0,10.000000000000002,10.00000000000003,10.000000000000254,10.000000000001048,10.000000000002117,10.000000000002117,10.000000000001048,10.000000000000254,10.00000000000003,10.000000000000002,10.0,10.0,10.0,10.0,10.0,10.0,10.0,10.0,10.0,10.0,10.0],[10.0,10.0,10.0,10.0,10.0,10.0,10.0,10.0,10.0,10.000000000000014,10.000000000001048,10.000000000033806,10.000000000503496,10.00000000363779,10.000000013272846,10.000000025164896,10.000000025164896,10.000000013272846,10.00000000363779,10.000000000503496,10.000000000033806,10.000000000001048,10.000000000000014,10.0,10.0,10.0,10.0,10.0,10.0,10.0,10.0,10.0],[10.0,10.0,10.0,10.0,10.0,10.0,10.0,10.000000000000004,10.000000000001048,10.000000000131635,10.000000006965731,10.000000166313928,10.000001913494168,10.000011261090398,10.000035622325303,10.000062767893727,10.000062767893727,10.000035622325303,10.000011261090398,10.000001913494168,10.000000166313928,10.000000006965731,10.000000000131635,10.000000000001048,10.000000000000004,10.0,10.0,10.0,10.0,10.0,10.0,10.0],[10.0,10.0,10.0,10.0,10.0,10.0,10.00000000000003,10.00000000001702,10.00000000363779,10.000000308835602,10.000011261090398,10.000191159201533,10.00163546861759,10.0075895103488,10.020326128704209,10.03286945452671,10.03286945452671,10.020326128704209,10.0075895103488,10.00163546861759,10.000191159201533,10.000011261090398,10.000000308835602,10.00000000363779,10.00000000001702,10.00000000000003,10.0,10.0,10.0,10.0,10.0,10.0],[10.0,10.0,10.0,10.0,10.0,10.00000000000006,10.000000000066855,10.000000025164896,10.000003474992821,10.000191159201533,10.004584166343145,10.05271943179525,10.320180855560839,11.125176884755115,12.475653919196724,13.615421182844536,13.615421182844536,12.475653919196724,11.125176884755115,10.320180855560839,10.05271943179525,10.004584166343145,10.000191159201533,10.000003474992821,10.000000025164896,10.000000000066855,10.00000000000006,10.0,10.0,10.0,10.0,10.0],[10.0,10.0,10.0,10.0,10.00000000000003,10.000000000066855,10.000000047470548,10.000011261090398,10.000966299780417,10.03286945452671,10.491446644890962,13.615421182844536,24.721921907569318,47.22572300140342,74.72409115284984,93.58324143359737,93.58324143359737,74.72409115284984,47.22572300140342,24.721921907569318,13.615421182844536,10.491446644890962,10.03286945452671,10.000966299780417,10.000011261090398,10.000000047470548,10.000000000066855,10.00000000000003,10.0,10.0,10.0,10.0],[10.0,10.0,10.0,10.000000000000004,10.00000000001702,10.000000025164896,10.000011261090398,10.00163546861759,10.083850796458712,11.677532715784324,24.721921907569318,74.72409115284984,174.65214580091327,290.5537321558464,376.21157260902004,416.52599913821416,416.52599913821416,376.21157260902004,290.5537321558464,174.65214580091327,74.72409115284984,24.721921907569318,11.677532715784324,10.083850796458712,10.00163546861759,10.000011261090398,10.000000025164896,10.00000000001702,10.000000000000004,10.0,10.0,10.0],[10.0,10.0,10.0,10.000000000001048,10.00000000363779,10.000003474992821,10.000966299780417,10.083850796458712,12.475653919196724,37.67254748991382,143.3801516641161,333.54270896970985,481.01577273462095,506.53798131888914,464.00080823220344,426.5828924331387,426.5828924331387,464.00080823220344,506.53798131888914,481.01577273462095,333.54270896970985,143.3801516641161,37.67254748991382,12.475653919196724,10.083850796458712,10.000966299780417,10.000003474992821,10.00000000363779,10.000000000001048,10.0,10.0,10.0],[10.0,10.0,10.000000000000014,10.000000000131635,10.000000308835602,10.000191159201533,10.03286945452671,11.677532715784324,37.67254748991382,174.65214580091327,416.52599913821416,506.53798131888914,381.1577687397537,226.24452570290887,135.76102753016139,100.15344504043232,100.15344504043232,135.76102753016139,226.24452570290887,381.1577687397537,506.53798131888914,416.52599913821416,174.65214580091327,37.67254748991382,11.677532715784324,10.03286945452671,10.000191159201533,10.000000308835602,10.000000000131635,10.000000000000014,10.0,10.0],[10.0,10.0,10.000000000001048,10.000000006965731,10.000011261090398,10.004584166343145,10.491446644890962,24.721921907569318,143.3801516641161,416.52599913821416,491.14347553960414,277.9158987483578,100.15344504043232,34.978624356576674,18.044166473975025,14.137076818032153,14.137076818032153,18.044166473975025,34.978624356576674,100.15344504043232,277.9158987483578,491.14347553960414,416.52599913821416,143.3801516641161,24.721921907569318,10.491446644890962,10.004584166343145,10.000011261090398,10.000000006965731,10.000000000001048,10.0,10.0],[10.0,10.000000000000002,10.000000000033806,10.000000166313928,10.000191159201533,10.05271943179525,13.615421182844536,74.72409115284984,333.54270896970985,506.53798131888914,277.9158987483578,71.7748288855944,18.044166473975025,10.86863825265938,10.126083515090292,10.040564588872407,10.040564588872407,10.126083515090292,10.86863825265938,18.044166473975025,71.7748288855944,277.9158987483578,506.53798131888914,333.54270896970985,74.72409115284984,13.615421182844536,10.05271943179525,10.000191159201533,10.000000166313928,10.000000000033806,10.000000000000002,10.0],[10.0,10.00000000000003,10.000000000503496,10.000001913494168,10.00163546861759,10.320180855560839,24.721921907569318,174.65214580091327,481.01577273462095,381.1577687397537,100.15344504043232,18.044166473975025,10.34848031066401,10.011401800669827,10.000544885438531,10.000086372339558,10.000086372339558,10.000544885438531,10.011401800669827,10.34848031066401,18.044166473975025,100.15344504043232,381.1577687397537,481.01577273462095,174.65214580091327,24.721921907569318,10.320180855560839,10.00163546861759,10.000001913494168,10.000000000503496,10.00000000000003,10.0],[10.0,10.000000000000254,10.00000000363779,10.000011261090398,10.0075895103488,11.125176884755115,47.22572300140342,290.5537321558464,506.53798131888914,226.24452570290887,34.978624356576674,10.86863825265938,10.011401800669827,10.000086372339558,10.000000846151378,10.000000041621668,10.000000041621668,10.000000846151378,10.000086372339558,10.011401800669827,10.86863825265938,34.978624356576674,226.24452570290887,506.53798131888914,290.5537321558464,47.22572300140342,11.125176884755115,10.0075895103488,10.000011261090398,10.00000000363779,10.000000000000254,10.0],[10.0,10.000000000001048,10.000000013272846,10.000035622325303,10.020326128704209,12.475653919196724,74.72409115284984,376.21157260902004,464.00080823220344,135.76102753016139,18.044166473975025,10.126083515090292,10.000544885438531,10.000000846151378,10.000000000940592,10.000000000005242,10.000000000005242,10.000000000940592,10.000000846151378,10.000544885438531,10.126083515090292,18.044166473975025,135.76102753016139,464.00080823220344,376.21157260902004,74.72409115284984,12.475653919196724,10.020326128704209,10.000035622325303,10.000000013272846,10.000000000001048,10.0],[10.0,10.000000000002117,10.000000025164896,10.000062767893727,10.03286945452671,13.615421182844536,93.58324143359737,416.52599913821416,426.5828924331387,100.15344504043232,14.137076818032153,10.040564588872407,10.000086372339558,10.000000041621668,10.000000000005242,10.0,10.0,10.000000000005242,10.000000041621668,10.000086372339558,10.040564588872407,14.137076818032153,100.15344504043232,426.5828924331387,416.52599913821416,93.58324143359737,13.615421182844536,10.03286945452671,10.000062767893727,10.000000025164896,10.000000000002117,10.0],[10.0,10.000000000002117,10.000000025164896,10.000062767893727,10.03286945452671,13.615421182844536,93.58324143359737,416.52599913821416,426.5828924331387,100.15344504043232,14.137076818032153,10.040564588872407,10.000086372339558,10.000000041621668,10.000000000005242,10.0,10.0,10.000000000005242,10.000000041621668,10.000086372339558,10.040564588872407,14.137076818032153,100.15344504043232,426.5828924331387,416.52599913821416,93.58324143359737,13.615421182844536,10.03286945452671,10.000062767893727,10.000000025164896,10.000000000002117,10.0],[10.0,10.000000000001048,10.000000013272846,10.000035622325303,10.020326128704209,12.475653919196724,74.72409115284984,376.21157260902004,464.00080823220344,135.76102753016139,18.044166473975025,10.126083515090292,10.000544885438531,10.000000846151378,10.000000000940592,10.000000000005242,10.000000000005242,10.000000000940592,10.000000846151378,10.000544885438531,10.126083515090292,18.044166473975025,135.76102753016139,464.00080823220344,376.21157260902004,74.72409115284984,12.475653919196724,10.020326128704209,10.000035622325303,10.000000013272846,10.000000000001048,10.0],[10.0,10.000000000000254,10.00000000363779,10.000011261090398,10.0075895103488,11.125176884755115,47.22572300140342,290.5537321558464,506.53798131888914,226.24452570290887,34.978624356576674,10.86863825265938,10.011401800669827,10.000086372339558,10.000000846151378,10.000000041621668,10.000000041621668,10.000000846151378,10.000086372339558,10.011401800669827,10.86863825265938,34.978624356576674,226.24452570290887,506.53798131888914,290.5537321558464,47.22572300140342,11.125176884755115,10.0075895103488,10.000011261090398,10.00000000363779,10.000000000000254,10.0],[10.0,10.00000000000003,10.000000000503496,10.000001913494168,10.00163546861759,10.320180855560839,24.721921907569318,174.65214580091327,481.01577273462095,381.1577687397537,100.15344504043232,18.044166473975025,10.34848031066401,10.011401800669827,10.000544885438531,10.000086372339558,10.000086372339558,10.000544885438531,10.011401800669827,10.34848031066401,18.044166473975025,100.15344504043232,381.1577687397537,481.01577273462095,174.65214580091327,24.721921907569318,10.320180855560839,10.00163546861759,10.000001913494168,10.000000000503496,10.00000000000003,10.0],[10.0,10.000000000000002,10.000000000033806,10.000000166313928,10.000191159201533,10.05271943179525,13.615421182844536,74.72409115284984,333.54270896970985,506.53798131888914,277.9158987483578,71.7748288855944,18.044166473975025,10.86863825265938,10.126083515090292,10.040564588872407,10.040564588872407,10.126083515090292,10.86863825265938,18.044166473975025,71.7748288855944,277.9158987483578,506.53798131888914,333.54270896970985,74.72409115284984,13.615421182844536,10.05271943179525,10.000191159201533,10.000000166313928,10.000000000033806,10.000000000000002,10.0],[10.0,10.0,10.000000000001048,10.000000006965731,10.000011261090398,10.004584166343145,10.491446644890962,24.721921907569318,143.3801516641161,416.52599913821416,491.14347553960414,277.9158987483578,100.15344504043232,34.978624356576674,18.044166473975025,14.137076818032153,14.137076818032153,18.044166473975025,34.978624356576674,100.15344504043232,277.9158987483578,491.14347553960414,416.52599913821416,143.3801516641161,24.721921907569318,10.491446644890962,10.004584166343145,10.000011261090398,10.000000006965731,10.000000000001048,10.0,10.0],[10.0,10.0,10.000000000000014,10.000000000131635,10.000000308835602,10.000191159201533,10.03286945452671,11.677532715784324,37.67254748991382,174.65214580091327,416.52599913821416,506.53798131888914,381.1577687397537,226.24452570290887,135.76102753016139,100.15344504043232,100.15344504043232,135.76102753016139,226.24452570290887,381.1577687397537,506.53798131888914,416.52599913821416,174.65214580091327,37.67254748991382,11.677532715784324,10.03286945452671,10.000191159201533,10.000000308835602,10.000000000131635,10.000000000000014,10.0,10.0],[10.0,10.0,10.0,10.000000000001048,10.00000000363779,10.000003474992821,10.000966299780417,10.083850796458712,12.475653919196724,37.67254748991382,143.3801516641161,333.54270896970985,481.01577273462095,506.53798131888914,464.00080823220344,426.5828924331387,426.5828924331387,464.00080823220344,506.53798131888914,481.01577273462095,333.54270896970985,143.3801516641161,37.67254748991382,12.475653919196724,10.083850796458712,10.000966299780417,10.000003474992821,10.00000000363779,10.000000000001048,10.0,10.0,10.0],[10.0,10.0,10.0,10.000000000000004,10.00000000001702,10.000000025164896,10.000011261090398,10.00163546861759,10.083850796458712,11.677532715784324,24.721921907569318,74.72409115284984,174.65214580091327,290.5537321558464,376.21157260902004,416.52599913821416,416.52599913821416,376.21157260902004,290.5537321558464,174.65214580091327,74.72409115284984,24.721921907569318,11.677532715784324,10.083850796458712,10.00163546861759,10.000011261090398,10.000000025164896,10.00000000001702,10.000000000000004,10.0,10.0,10.0],[10.0,10.0,10.0,10.0,10.00000000000003,10.000000000066855,10.000000047470548,10.000011261090398,10.000966299780417,10.03286945452671,10.491446644890962,13.615421182844536,24.721921907569318,47.22572300140342,74.72409115284984,93.58324143359737,93.58324143359737,74.72409115284984,47.22572300140342,24.721921907569318,13.615421182844536,10.491446644890962,10.03286945452671,10.000966299780417,10.000011261090398,10.000000047470548,10.000000000066855,10.00000000000003,10.0,10.0,10.0,10.0],[10.0,10.0,10.0,10.0,10.0,10.00000000000006,10.000000000066855,10.000000025164896,10.000003474992821,10.000191159201533,10.004584166343145,10.05271943179525,10.320180855560839,11.125176884755115,12.475653919196724,13.615421182844536,13.615421182844536,12.475653919196724,11.125176884755115,10.320180855560839,10.05271943179525,10.004584166343145,10.000191159201533,10.000003474992821,10.000000025164896,10.000000000066855,10.00000000000006,10.0,10.0,10.0,10.0,10.0],[10.0,10.0,10.0,10.0,10.0,10.0,10.00000000000003,10.00000000001702,10.00000000363779,10.000000308835602,10.000011261090398,10.000191159201533,10.00163546861759,10.0075895103488,10.020326128704209,10.03286945452671,10.03286945452671,10.020326128704209,10.0075895103488,10.00163546861759,10.000191159201533,10.000011261090398,10.000000308835602,10.00000000363779,10.00000000001702,10.00000000000003,10.0,10.0,10.0,10.0,10.0,10.0],[10.0,10.0,10.0,10.0,10.0,10.0,10.0,10.000000000000004,10.000000000001048,10.000000000131635,10.000000006965731,10.000000166313928,10.000001913494168,10.000011261090398,10.000035622325303,10.000062767893727,10.000062767893727,10.000035622325303,10.000011261090398,10.000001913494168,10.000000166313928,10.000000006965731,10.000000000131635,10.000000000001048,10.000000000000004,10.0,10.0,10.0,10.0,10.0,10.0,10.0],[10.0,10.0,10.0,10.0,10.0,10.0,10.0,10.0,10.0,10.000000000000014,10.000000000001048,10.000000000033806,10.000000000503496,10.00000000363779,10.000000013272846,10.000000025164896,10.000000025164896,10.000000013272846,10.00000000363779,10.000000000503496,10.000000000033806,10.000000000001048,10.000000000000014,10.0,10.0,10.0,10.0,10.0,10.0,10.0,10.0,10.0],[10.0,10.0,10.0,10.0,10.0,10.0,10.0,10.0,10.0,10.0,10.0,10.000000000000002,10.00000000000003,10.000000000000254,10.000000000001048,10.000000000002117,10.000000000002117,10.000000000001048,10.000000000000254,10.00000000000003,10.000000000000002,10.0,10.0,10.0,10.0,10.0,10.0,10.0,10.0,10.0,10.0,10.0],[10.0,10.0,10.0,10.0,10.0,10.0,10.0,10.0,10.0,10.0,10.0,10.0,10.0,10.0,10.0,10.0,10.0,10.0,10.0,10.0,10.0,10.0,10.0,10.0,10.0,10.0,10.0,10.0,10.0,10.0,10.0,10.0]]},"data_keys":{"xrd_detector":{"dtype":"array","precision":3,"shape":[32,32],"source":"SIM:xrd_detector"}},"timestamps":{"xrd_detector":1783629278.592814}}},"data_keys":{"goniometer":{"dtype":"number","object_name":"goniometer","precision":3,"shape":[],"source":"SIM:goniometer"},"goniometer_setpoint":{"dtype":"number","object_name":"goniometer","precision":3,"shape":[],"source":"SIM:goniometer_setpoint"},"xrd_detector":{"dtype":"array","object_name":"xrd_detector","precision":3,"shape":[32,32],"source":"SIM:xrd_detector"}},"hints":{"goniometer":{"fields":["goniometer"]},"xrd_detector":{"fields":[]}},"name":"primary","object_classes":{},"object_keys":{"goniometer":["goniometer","goniometer_setpoint"],"xrd_detector":["xrd_detector"]},"run_start":"a883539b-72e5-4a39-94f7-1f639ddd1a3a","time":1783629278.5937028,"uid":"cd42783d-8dd4-44f5-a8f3-03aec169fbd9"},"name":"descriptor"}
{"doc":{"data":{"goniometer":10.0,"goniometer_setpoint":10.0,"xrd_detector":[[10.0,10.0,10.0,10.0,10.0,10.0,10.0,10.0,10.0,10.0,10.0,10.0,10.0,10.0,10.0,10.0,10.0,10.0,10.0,10.0,10.0,10.0,10.0,10.0,10.0,10.0,10.0,10.0,10.0,10.0,10.0,10.0],[10.0,10.0,10.0,10.0,10.0,10.0,10.0,10.0,10.0,10.0,10.0,10.000000000000002,10.00000000000003,10.000000000000254,10.000000000001048,10.000000000002117,10.000000000002117,10.000000000001048,10.000000000000254,10.00000000000003,10.000000000000002,10.0,10.0,10.0,10.0,10.0,10.0,10.0,10.0,10.0,10.0,10.0],[10.0,10.0,10.0,10.0,10.0,10.0,10.0,10.0,10.0,10.000000000000014,10.000000000001048,10.000000000033806,10.000000000503496,10.00000000363779,10.000000013272846,10.000000025164896,10.000000025164896,10.000000013272846,10.00000000363779,10.000000000503496,10.000000000033806,10.000000000001048,10.000000000000014,10.0,10.0,10.0,10.0,10.0,10.0,10.0,10.0,10.0],[10.0,10.0,10.0,10.0,10.0,10.0,10.0,10.000000000000004,10.000000000001048,10.000000000131635,10.000000006965731,10.000000166313928,10.000001913494168,10.000011261090398,10.000035622325303,10.000062767893727,10.000062767893727,10.000035622325303,10.000011261090398,10.000001913494168,10.000000166313928,10.000000006965731,10.000000000131635,10.000000000001048,10.000000000000004,10.0,10.0,10.0,10.0,10.0,10.0,10.0],[10.0,10.0,10.0,10.0,10.0,10.0,10.00000000000003,10.00000000001702,10.00000000363779,10.000000308835602,10.000011261090398,10.000191159201533,10.00163546861759,10.0075895103488,10.020326128704209,10.03286945452671,10.03286945452671,10.020326128704209,10.0075895103488,10.00163546861759,10.000191159201533,10.000011261090398,10.000000308835602,10.00000000363779,10.00000000001702,10.00000000000003,10.0,10.0,10.0,10.0,10.0,10.0],[10.0,10.0,10.0,10.0,10.0,10.00000000000006,10.000000000066855,10.000000025164896,10.000003474992821,10.000191159201533,10.004584166343145,10.05271943179525,10.320180855560839,11.125176884755115,12.475653919196724,13.615421182844536,13.615421182844536,12.475653919196724,11.125176884755115,10.320180855560839,10.05271943179525,10.004584166343145,10.000191159201533,10.000003474992821,10.000000025164896,10.000000000066855,10.00000000000006,10.0,10.0,10.0,10.0,10.0],[10.0,10.0,10.0,10.0,10.00000000000003,10.000000000066855,10.000000047470548,10.000011261090398,10.000966299780417,10.03286945452671,10.491446644890962,13.615421182844536,24.721921907569318,47.22572300140342,74.72409115284984,93.58324143359737,93.58324143359737,74.72409115284984,47.22572300140342,24.721921907569318,13.615421182844536,10.491446644890962,10.03286945452671,10.000966299780417,10.000011261090398,10.000000047470548,10.000000000066855,10.00000000000003,10.0,10.0,10.0,10.0],[10.0,10.0,10.0,10.000000000000004,10.00000000001702,10.000000025164896,10.000011261090398,10.00163546861759,10.083850796458712,11.677532715784324,24.721921907569318,74.72409115284984,174.65214580091327,290.5537321558464,376.21157260902004,416.52599913821416,416.52599913821416,376.21157260902004,290.5537321558464,174.65214580091327,74.72409115284984,24.721921907569318,11.677532715784324,10.083850796458712,10.00163546861759,10.000011261090398,10.000000025164896,10.00000000001702,10.000000000000004,10.0,10.0,10.0],[10.0,10.0,10.0,10.000000000001048,10.00000000363779,10.000003474992821,10.000966299780417,10.083850796458712,12.475653919196724,37.67254748991382,143.3801516641161,333.54270896970985,481.01577273462095,506.53798131888914,464.00080823220344,426.5828924331387,426.5828924331387,464.00080823220344,506.53798131888914,481.01577273462095,333.54270896970985,143.3801516641161,37.67254748991382,12.475653919196724,10.083850796458712,10.000966299780417,10.000003474992821,10.00000000363779,10.000000000001048,10.0,10.0,10.0],[10.0,10.0,10.000000000000014,10.000000000131635,10.000000308835602,10.000191159201533,10.03286945452671,11.677532715784324,37.67254748991382,174.65214580091327,416.52599913821416,506.53798131888914,381.1577687397537,226.24452570290887,135.76102753016139,100.15344504043232,100.15344504043232,135.76102753016139,226.24452570290887,381.1577687397537,506.53798131888914,416.52599913821416,174.65214580091327,37.67254748991382,11.677532715784324,10.03286945452671,10.000191159201533,10.000000308835602,10.000000000131635,10.000000000000014,10.0,10.0],[10.0,10.0,10.000000000001048,10.000000006965731,10.000011261090398,10.004584166343145,10.491446644890962,24.721921907569318,143.3801516641161,416.52599913821416,491.14347553960414,277.9158987483578,100.15344504043232,34.978624356576674,18.044166473975025,14.137076818032153,14.137076818032153,18.044166473975025,34.978624356576674,100.15344504043232,277.9158987483578,491.14347553960414,416.52599913821416,143.3801516641161,24.721921907569318,10.491446644890962,10.004584166343145,10.000011261090398,10.000000006965731,10.000000000001048,10.0,10.0],[10.0,10.000000000000002,10.000000000033806,10.000000166313928,10.000191159201533,10.05271943179525,13.615421182844536,74.72409115284984,333.54270896970985,506.53798131888914,277.9158987483578,71.7748288855944,18.044166473975025,10.86863825265938,10.126083515090292,10.040564588872407,10.040564588872407,10.126083515090292,10.86863825265938,18.044166473975025,71.7748288855944,277.9158987483578,506.53798131888914,333.54270896970985,74.72409115284984,13.615421182844536,10.05271943179525,10.000191159201533,10.000000166313928,10.000000000033806,10.000000000000002,10.0],[10.0,10.00000000000003,10.000000000503496,10.000001913494168,10.00163546861759,10.320180855560839,24.721921907569318,174.65214580091327,481.01577273462095,381.1577687397537,100.15344504043232,18.044166473975025,10.34848031066401,10.011401800669827,10.000544885438531,10.000086372339558,10.000086372339558,10.000544885438531,10.011401800669827,10.34848031066401,18.044166473975025,100.15344504043232,381.1577687397537,481.01577273462095,174.65214580091327,24.721921907569318,10.320180855560839,10.00163546861759,10.000001913494168,10.000000000503496,10.00000000000003,10.0],[10.0,10.000000000000254,10.00000000363779,10.000011261090398,10.0075895103488,11.125176884755115,47.22572300140342,290.5537321558464,506.53798131888914,226.24452570290887,34.978624356576674,10.86863825265938,10.011401800669827,10.000086372339558,10.000000846151378,10.000000041621668,10.000000041621668,10.000000846151378,10.000086372339558,10.011401800669827,10.86863825265938,34.978624356576674,226.24452570290887,506.53798131888914,290.5537321558464,47.22572300140342,11.125176884755115,10.0075895103488,10.000011261090398,10.00000000363779,10.000000000000254,10.0],[10.0,10.000000000001048,10.000000013272846,10.000035622325303,10.020326128704209,12.475653919196724,74.72409115284984,376.21157260902004,464.00080823220344,135.76102753016139,18.044166473975025,10.126083515090292,10.000544885438531,10.000000846151378,10.000000000940592,10.000000000005242,10.000000000005242,10.000000000940592,10.000000846151378,10.000544885438531,10.126083515090292,18.044166473975025,135.76102753016139,464.00080823220344,376.21157260902004,74.72409115284984,12.475653919196724,10.020326128704209,10.000035622325303,10.000000013272846,10.000000000001048,10.0],[10.0,10.000000000002117,10.000000025164896,10.000062767893727,10.03286945452671,13.615421182844536,93.58324143359737,416.52599913821416,426.5828924331387,100.15344504043232,14.137076818032153,10.040564588872407,10.000086372339558,10.000000041621668,10.000000000005242,10.0,10.0,10.000000000005242,10.000000041621668,10.000086372339558,10.040564588872407,14.137076818032153,100.15344504043232,426.5828924331387,416.52599913821416,93.58324143359737,13.615421182844536,10.03286945452671,10.000062767893727,10.000000025164896,10.000000000002117,10.0],[10.0,10.000000000002117,10.000000025164896,10.000062767893727,10.03286945452671,13.615421182844536,93.58324143359737,416.52599913821416,426.5828924331387,100.15344504043232,14.137076818032153,10.040564588872407,10.000086372339558,10.000000041621668,10.000000000005242,10.0,10.0,10.000000000005242,10.000000041621668,10.000086372339558,10.040564588872407,14.137076818032153,100.15344504043232,426.5828924331387,416.52599913821416,93.58324143359737,13.615421182844536,10.03286945452671,10.000062767893727,10.000000025164896,10.000000000002117,10.0],[10.0,10.000000000001048,10.000000013272846,10.000035622325303,10.020326128704209,12.475653919196724,74.72409115284984,376.21157260902004,464.00080823220344,135.76102753016139,18.044166473975025,10.126083515090292,10.000544885438531,10.000000846151378,10.000000000940592,10.000000000005242,10.000000000005242,10.000000000940592,10.000000846151378,10.000544885438531,10.126083515090292,18.044166473975025,135.76102753016139,464.00080823220344,376.21157260902004,74.72409115284984,12.475653919196724,10.020326128704209,10.000035622325303,10.000000013272846,10.000000000001048,10.0],[10.0,10.000000000000254,10.00000000363779,10.000011261090398,10.0075895103488,11.125176884755115,47.22572300140342,290.5537321558464,506.53798131888914,226.24452570290887,34.978624356576674,10.86863825265938,10.011401800669827,10.000086372339558,10.000000846151378,10.000000041621668,10.000000041621668,10.000000846151378,10.000086372339558,10.011401800669827,10.86863825265938,34.978624356576674,226.24452570290887,506.53798131888914,290.5537321558464,47.22572300140342,11.125176884755115,10.0075895103488,10.000011261090398,10.00000000363779,10.000000000000254,10.0],[10.0,10.00000000000003,10.000000000503496,10.000001913494168,10.00163546861759,10.320180855560839,24.721921907569318,174.65214580091327,481.01577273462095,381.1577687397537,100.15344504043232,18.044166473975025,10.34848031066401,10.011401800669827,10.000544885438531,10.000086372339558,10.000086372339558,10.000544885438531,10.011401800669827,10.34848031066401,18.044166473975025,100.15344504043232,381.1577687397537,481.01577273462095,174.65214580091327,24.721921907569318,10.320180855560839,10.00163546861759,10.000001913494168,10.000000000503496,10.00000000000003,10.0],[10.0,10.000000000000002,10.000000000033806,10.000000166313928,10.000191159201533,10.05271943179525,13.615421182844536,74.72409115284984,333.54270896970985,506.53798131888914,277.9158987483578,71.7748288855944,18.044166473975025,10.86863825265938,10.126083515090292,10.040564588872407,10.040564588872407,10.126083515090292,10.86863825265938,18.044166473975025,71.7748288855944,277.9158987483578,506.53798131888914,333.54270896970985,74.72409115284984,13.615421182844536,10.05271943179525,10.000191159201533,10.000000166313928,10.000000000033806,10.000000000000002,10.0],[10.0,10.0,10.000000000001048,10.000000006965731,10.000011261090398,10.004584166343145,10.491446644890962,24.721921907569318,143.3801516641161,416.52599913821416,491.14347553960414,277.9158987483578,100.15344504043232,34.978624356576674,18.044166473975025,14.137076818032153,14.137076818032153,18.044166473975025,34.978624356576674,100.15344504043232,277.9158987483578,491.14347553960414,416.52599913821416,143.3801516641161,24.721921907569318,10.491446644890962,10.004584166343145,10.000011261090398,10.000000006965731,10.000000000001048,10.0,10.0],[10.0,10.0,10.000000000000014,10.000000000131635,10.000000308835602,10.000191159201533,10.03286945452671,11.677532715784324,37.67254748991382,174.65214580091327,416.52599913821416,506.53798131888914,381.1577687397537,226.24452570290887,135.76102753016139,100.15344504043232,100.15344504043232,135.76102753016139,226.24452570290887,381.1577687397537,506.53798131888914,416.52599913821416,174.65214580091327,37.67254748991382,11.677532715784324,10.03286945452671,10.000191159201533,10.000000308835602,10.000000000131635,10.000000000000014,10.0,10.0],[10.0,10.0,10.0,10.000000000001048,10.00000000363779,10.000003474992821,10.000966299780417,10.083850796458712,12.475653919196724,37.67254748991382,143.3801516641161,333.54270896970985,481.01577273462095,506.53798131888914,464.00080823220344,426.5828924331387,426.5828924331387,464.00080823220344,506.53798131888914,481.01577273462095,333.54270896970985,143.3801516641161,37.67254748991382,12.475653919196724,10.083850796458712,10.000966299780417,10.000003474992821,10.00000000363779,10.000000000001048,10.0,10.0,10.0],[10.0,10.0,10.0,10.000000000000004,10.00000000001702,10.000000025164896,10.000011261090398,10.00163546861759,10.083850796458712,11.677532715784324,24.721921907569318,74.72409115284984,174.65214580091327,290.5537321558464,376.21157260902004,416.52599913821416,416.52599913821416,376.21157260902004,290.5537321558464,174.65214580091327,74.72409115284984,24.721921907569318,11.677532715784324,10.083850796458712,10.00163546861759,10.000011261090398,10.000000025164896,10.00000000001702,10.000000000000004,10.0,10.0,10.0],[10.0,10.0,10.0,10.0,10.00000000000003,10.000000000066855,10.000000047470548,10.000011261090398,10.000966299780417,10.03286945452671,10.491446644890962,13.615421182844536,24.721921907569318,47.22572300140342,74.72409115284984,93.58324143359737,93.58324143359737,74.72409115284984,47.22572300140342,24.721921907569318,13.615421182844536,10.491446644890962,10.03286945452671,10.000966299780417,10.000011261090398,10.000000047470548,10.000000000066855,10.00000000000003,10.0,10.0,10.0,10.0],[10.0,10.0,10.0,10.0,10.0,10.00000000000006,10.000000000066855,10.000000025164896,10.000003474992821,10.000191159201533,10.004584166343145,10.05271943179525,10.320180855560839,11.125176884755115,12.475653919196724,13.615421182844536,13.615421182844536,12.475653919196724,11.125176884755115,10.320180855560839,10.05271943179525,10.004584166343145,10.000191159201533,10.000003474992821,10.000000025164896,10.000000000066855,10.00000000000006,10.0,10.0,10.0,10.0,10.0],[10.0,10.0,10.0,10.0,10.0,10.0,10.00000000000003,10.00000000001702,10.00000000363779,10.000000308835602,10.000011261090398,10.000191159201533,10.00163546861759,10.0075895103488,10.020326128704209,10.03286945452671,10.03286945452671,10.020326128704209,10.0075895103488,10.00163546861759,10.000191159201533,10.000011261090398,10.000000308835602,10.00000000363779,10.00000000001702,10.00000000000003,10.0,10.0,10.0,10.0,10.0,10.0],[10.0,10.0,10.0,10.0,10.0,10.0,10.0,10.000000000000004,10.000000000001048,10.000000000131635,10.000000006965731,10.000000166313928,10.000001913494168,10.000011261090398,10.000035622325303,10.000062767893727,10.000062767893727,10.000035622325303,10.000011261090398,10.000001913494168,10.000000166313928,10.000000006965731,10.000000000131635,10.000000000001048,10.000000000000004,10.0,10.0,10.0,10.0,10.0,10.0,10.0],[10.0,10.0,10.0,10.0,10.0,10.0,10.0,10.0,10.0,10.000000000000014,10.000000000001048,10.000000000033806,10.000000000503496,10.00000000363779,10.000000013272846,10.000000025164896,10.000000025164896,10.000000013272846,10.00000000363779,10.000000000503496,10.000000000033806,10.000000000001048,10.000000000000014,10.0,10.0,10.0,10.0,10.0,10.0,10.0,10.0,10.0],[10.0,10.0,10.0,10.0,10.0,10.0,10.0,10.0,10.0,10.0,10.0,10.000000000000002,10.00000000000003,10.000000000000254,10.000000000001048,10.000000000002117,10.000000000002117,10.000000000001048,10.000000000000254,10.00000000000003,10.000000000000002,10.0,10.0,10.0,10.0,10.0,10.0,10.0,10.0,10.0,10.0,10.0],[10.0,10.0,10.0,10.0,10.0,10.0,10.0,10.0,10.0,10.0,10.0,10.0,10.0,10.0,10.0,10.0,10.0,10.0,10.0,10.0,10.0,10.0,10.0,10.0,10.0,10.0,10.0,10.0,10.0,10.0,10.0,10.0]]},"descriptor":"cd42783d-8dd4-44f5-a8f3-03aec169fbd9","filled":{},"seq_num":1,"time":1783629278.595047,"timestamps":{"goniometer":1783629278.592341,"goniometer_setpoint":1783629278.592266,"xrd_detector":1783629278.592814},"uid":"5ff50b54-56e7-4901-a9ac-33881319d7d9"},"name":"event"}
